Method baseline
    mean - 593.5
    raw - [1181, 221, 713, 776, 682, 619, 603, 299, 268, 142, 204, 957, 700, 1120, 441, 461, 761, 597, 1100, 645, 976, 329, 142, 307]
Method e_s_steering
    mean - 752.9583333333334
    raw - [1263, 244, 684, 857, 1235, 856, 649, 356, 356, 200, 398, 812, 754, 1108, 798, 948, 778, 1239, 1189, 679, 1101, 882, 96, 589]
Method m_e_steering
    mean - 607.25
    raw - [1651, 170, 504, 561, 928, 536, 420, 353, 247, 213, 270, 942, 879, 927, 636, 495, 561, 812, 1166, 542, 742, 396, 142, 481]
Method m_s_steering
    mean - 613.5
    raw - [1247, 414, 465, 452, 793, 769, 387, 320, 254, 301, 137, 840, 1045, 917, 640, 414, 951, 575, 896, 917, 988, 399, 102, 501]
Method m_s_e_steering
    mean - 626.9583333333334
    raw - [1530, 228, 495, 384, 1043, 530, 507, 363, 244, 142, 204, 961, 668, 1129, 591, 635, 1202, 692, 1020, 683, 855, 394, 112, 435]
